x <- c(8,4,0,-4,-8)
y <- c(7.8,9,10.2,11,11.7)
dados <- data.frame(x=x,y=y)